7	0	0	0	0
8	0	0	0	0
10	0	0	0	0
15	0	0	0	0
27	0	0	0	0
28	0	0	0	0
29	0	0	0	0
31	0	0	0	0
36	4.7	0	0	0
42	0	0	0	0
47	0	0	0	0
54	0	0	0	0
68	0	0	0	0
69	0	0	0	0
72	0	0	0	0
73	0.9	0	0	0
81	0	0	0	0
82	0	0	0	0
90	0	0	0	0
93	3.3	0	0	0
102	4.8	0	0	0
105	0	0	0	0
111	0	0	0	0
113	0	0	0	0
125	0	0	0	0
131	0	0	0	0
132	0	0	0	0
135	10.8	1.928959131	1.928959131	1.928959131
140	0	0	0	0
141	0	0	0	0
142	0	0	0	0
163	0	0	0	0
166	0	0	0	0
174	0	0	0	0
175	0	0	0	0
179	0	0	0	0
180	0	0	0	0
185	0	0	0	0
192	0	0	0	0
193	0	0	0	0
200	0.4	0	0	0
205	0	0	0	0
208	0	0	0	0
224	0	0	0	0
225	0	0	0	0
226	0	0	0	0
233	0	0	0	0
242	0	0	0	0
247	0	0	0	0
259	0	0	0	0
260	0	0	0	0
263	0	0	0	0
271	0	0	0	0
288	0	0	0	0
291	0	0	0	0
293	0	0	0	0
311	0	0	0	0
312	0	0	0	0
315	0	0	0	0
321	0	0	0	0
332	0	0	0	0
339	0	0	0	0
340	0	0	0	0
346	1.1	0	0	0
350	0	0	0	0
356	0	0	0	0
379	0	0	0	0
403	0	0	0	0
427	0	0	0	0
435	0	0	0	0
439	5	1.590251923	1.590251923	1.590251923
496	0	0	0	0
497	0	0	0	0
500	0	0	0	0
503	0	0	0	0
515	0	0	0	0
525	0	0	0	0
526	0	0	0	0
539	0	0	0	0
543	0	0	0	0
544	0	0	0	0
546	21.3	26.03623581	26.03623581	26.03623581
561	0	0	0	0
562	0	0	0	0
573	0	0	0	0
576	0	0	0	0
577	0	0	0	0
580	0	0	0	0
586	0	0	0	0
593	4.4	0.386780977	0.386780977	0.386780977
596	0	0	0	0
599	0	0	0	0
606	0	0	0	0
614	0	0	0	0
618	0	0	0	0
633	0	0	0	0
634	0	0	0	0
636	0	0	0	0
637	0	0	0	0
638	0	0	0	0
641	1.4	0	0	0
648	0	0	0	0
650	0	0	0	0
654	0	0	0	0
655	0	0	0	0
663	0	0	0	0
667	0	0	0	0
670	0	0	0	0
675	0	0	0	0
694	0	0	0	0
695	0	0	0	0
696	0	0	0	0
700	0	0	0	0
702	0	0	0	0
717	4.7	0	0	0
729	0	0	0	0
730	0	0	0	0
732	0	0	0	0
734	13	13.72279453	13.72279453	13.72279453
743	0	0	0	0
745	0	0	0	0
749	0	0	0	0
752	0	0	0	0
753	0	0	0	0
757	0	0	0	0
758	0	0	0	0
765	21.4	26.88252068	26.88252068	26.88252068
768	0	0	0	0
788	0	0	0	0
793	0	0	0	0
802	0	0	0	0
803	0	0	0	0
804	0	0	0	0
818	0	0	0	0
823	0	0	0	0
824	0	0	0	0
839	0	0	0	0
840	0	0	0	0
849	0	0	0	0
851	0	0	0	0
861	0	0	0	0
863	0	0	0	0
868	0	0	0	0
873	0	0	0	0
877	4.1	0.770174265	0.770174265	0.770174265
881	0	0	0	0
886	0	0	0	0
890	0	0	0	0
893	0	0	0	0
911	0	0	0	0
918	0	0	0	0
923	0	0	0	0
927	0	0	0	0
928	0	0	0	0
931	0	0	0	0
938	0	0	0	0
944	0	0	0	0
945	0	0	0	0
948	0	0	0	0
949	0	0	0	0
957	0	0	0	0
958	0	0	0	0
959	5.7	0	0	0
961	2.5	9.306560516	9.306560516	9.306560516
969	0	0	0	0
975	0	0	0	0
977	0	0	0	0
982	0	0	0	0
1000	0	0	0	0
1016	2.9	0	0	0
1017	7.4	1.283466339	1.283466339	1.283466339
1023	0	0	0	0
1031	0	0	0	0
1032	0	0	0	0
1037	0	0	0	0
1038	0	0	0	0
1043	0	0	0	0
1045	0	0	0	0
1049	0	0	0	0
1068	0	0	0	0
1069	0	0	0	0
1076	0	0	0	0
1086	0	0	0	0
1092	0	0	0	0
1107	0	0	0	0
1118	0	0	0	0
1119	0	0	0	0
1132	0	0	0	0
1137	0	0	0	0
1141	0	0	0	0
1146	0	0	0	0
1155	0	0	0	0
1156	0	0	0	0
1160	0	0	0	0
1175	0	0	0	0
1176	0	0	0	0
1183	0	0	0	0
1185	0	0	0	0
1187	0	0	0	0
1189	0	0	0	0
1192	7.3	5.830698013	5.830698013	5.830698013
1196	6.1	9.913783073	9.913783073	9.913783073
1198	0	0	0	0
1199	0	0	0	0
1201	0	0	0	0
1216	0	0	0	0
1219	10.5	10.73416138	10.73416138	10.73416138
1224	0	0	0	0
1227	0	0	0	0
1228	0	0	0	0
1232	0	0	0	0
1238	0	0	0	0
1239	0	0	0	0
1248	8.9	4.778492928	4.778492928	4.778492928
1254	0	0	0	0
1255	0	0	0	0
1257	0	0	0	0
1272	10.9	10.64907551	10.64907551	10.64907551
1275	0	0	0	0
1277	0	0	0	0
1279	0	0	0	0
1280	0	0	0	0
1283	0	0	0	0
1284	0	0	0	0
1292	0	0	0	0
1296	0	0	0	0
1297	0	0	0	0
1298	0	0	0	0
1312	0	0	0	0
1314	0	0	0	0
1316	16	8.926551819	8.926551819	8.926551819
1320	0	0	0	0
1327	0	0	0	0
1328	0	0	0	0
1333	0	0	0	0
1335	0	0	0	0
1338	0	0	0	0
1339	0	0	0	0
1342	0	0	0	0
1358	0	0	0	0
1359	0	0	0	0
1360	0	0	0	0
1364	0	0	0	0
1372	0	0	0	0
1376	0	0	0	0
1385	0	0	0	0
1391	15.4	13.33145809	13.33145809	13.33145809
1396	0	0	0	0
1397	0	0	0	0
1402	0	0	0	0
1403	0	0	0	0
1411	0	0	0	0
1416	0	0	0	0
1420	0	0	0	0
1423	0	0	0	0
1424	0	0	0	0
1426	0	0	0	0
1432	0	0	0	0
1437	0	0	0	0
1451	0	0	0	0
1459	0	0	0	0
1469	0	0	0	0
1478	0	0	0	0
1496	0	0	0	0
1497	0	0	0	0
1499	0	0	0	0
1502	0	0	0	0
1505	0	0	0	0
1508	0	0	0	0
1516	0	0	0	0
1527	0	0	0	0
1531	0	0	0	0
1532	0	0	0	0
1548	14.6	8.51773262	8.51773262	8.51773262
1550	0	0	0	0
1551	0	0	0	0
1556	7.3	0	0	0
1562	0	0	0	0
1563	0	0	0	0
1574	0	0	0	0
1578	0	0	0	0
1579	0	0	0	0
1581	11.1	4.716169357	4.716169357	4.716169357
1582	4.8	0	0	0
1585	0	0	0	0
1596	0	0	0	0
1597	0	0	0	0
1608	0	0	0	0
1609	0	0	0	0
1614	0	0	0	0
1615	0	0	0	0
1628	14	10.87409306	10.87409306	10.87409306
1631	0	0	0	0
1633	0	0	0	0
1639	0	0	0	0
1644	2.5	0	0	0
1657	0	0	0	0
1660	0	0	0	0
1663	0	0	0	0
1665	0	0	0	0
1669	0	0	0	0
1670	0	0	0	0
1671	0	0	0	0
1685	0	0	0	0
1690	0	0	0	0
1693	0	0	0	0
1698	0	0	0	0
1701	0	0	0	0
1706	0	0	0	0
1708	0	0	0	0
1709	0	0	0	0
1710	0	0	0	0
1711	0	0	0	0
1725	0	0	0	0
1726	0	0	0	0
1738	0	0	0	0
1745	0	0	0	0
1755	0	0	0	0
1756	0	0	0	0
1759	0	0	0	0
1761	0	0	0	0
1762	12.2	14.37724018	14.37724018	14.37724018
1767	0	0	0	0
1771	0	0	0	0
1773	0	0	0	0
1774	0	0	0	0
1779	0	0	0	0
1781	0	0	0	0
1788	0	0	0	0
1791	0	0	0	0
1792	0	0	0	0
1793	0.7	0	0	0
1802	0	0	0	0
1803	0	0	0	0
1805	0	0	0	0
1822	0	0	0	0
1826	0	0	0	0
1827	0	0	0	0
1832	0	0	0	0
1836	0	0	0	0
1843	0	0	0	0
1844	0	0	0	0
1846	18.6	19.87882233	19.87882233	19.87882233
1849	0.3	0	0	0
1854	0	0	0	0
1856	0	0	0	0
1857	0	0	0	0
1866	3.6	0.384196222	0.384196222	0.384196222
1869	0	0	0	0
1870	0	0	0	0
1872	0	0	0	0
1904	0	0	0	0
1907	0.8	0	0	0
1917	0	0	0	0
1918	0	0	0	0
1923	0	0	0	0
1926	6.9	2.783564329	2.783564329	2.783564329
1941	0	0	0	0
1943	0	0	0	0
1951	0	0	0	0
2094	0	0	0	0
2098	0	0	0	0
2101	0	0	0	0
2108	0	0	0	0
2114	0	0	0	0
2118	0.3	0	0	0
2128	0	0	0	0
2132	0	0	0	0
2136	0	0	0	0
2146	0	0	0	0
2151	0	0	0	0
2156	0	0	0	0
2163	0	0	0	0
2179	0	0	0	0
2181	0	0	0	0
2192	0	0	0	0
2195	0	0	0	0
2196	0	0	0	0
2197	0	0	0	0
2202	0	0	0	0
2204	0	0	0	0
2212	0	0	0	0
2227	0	0	0	0
2230	0.3	0	0	0
2231	0.2	0	0	0
2235	0	0	0	0
2237	0	0	0	0
2245	0	0	0	0
2248	0	0	0	0
2257	4.1	0	0	0
2263	0	0	0	0
2265	0	0	0	0
2267	0	0	0	0
2277	0	0	0	0
2278	0	0	0	0
2284	7.5	5.420274735	5.420274735	5.420274735
2285	0	0	0	0
2287	4.2	0.422131598	0.422131598	0.422131598
2290	0	0	0	0
2293	0	0	0	0
2304	0	0	0	0
2306	16.7	7.539918423	7.539918423	7.539918423
2308	2.2	0	0	0
2322	0	0	0	0
2329	0	0	0	0
2330	0	0	0	0
2331	0	0	0	0
2333	0	0	0	0
2337	0	0	0	0
2338	0	0	0	0
2339	0.4	0	0	0
2343	0	0	0	0
2346	0	0	0	0
2350	0	0	0	0
2354	0	0	0	0
2359	0	0	0	0
2360	0	0	0	0
2362	0	0	0	0
2365	0	0	0	0
2366	0	0	0	0
2374	5.9	0.766635358	0.766635358	0.766635358
2378	0	0	0	0
2383	2.1	0	0	0
2389	0	0	0	0
2392	0	0	0	0
2405	0	0	0	0
2406	0	0	0	0
2407	0	0	0	0
2415	0	0	0	0
2420	0	0	0	0
2422	0	0	0	0
2431	0	0	0	0
2444	0	0	0	0
2507	0	0	0	0
2512	0	0	0	0
2518	0	0	0	0
2526	0	0	0	0
2531	3.4	0	0	0
2539	19	23.48356628	23.48356628	23.48356628
2545	0	0	0	0
2546	0	0	0	0
2548	0.2	0	0	0
2552	1.8	0	0	0
2556	2.2	0	0	0
2560	1.5	0	0	0
2566	0	0	0	0
2567	0	0	0	0
2568	0	0	0	0
2572	0	0	0	0
2577	0	0	0	0
2582	0	0	0	0
2583	0	0	0	0
2594	0.6	0	0	0
2600	0	0	0	0
2616	0	0	0	0
2622	8.9	0	0	0
2625	0	0	0	0
2627	0	0	0	0
2630	0	0	0	0
2638	7.5	0	0	0
2644	0	0	0	0
2646	0	0	0	0
2653	0	0	0	0
2654	0	0	0	0
2664	0	0	0	0
2666	0	0	0	0
2675	0	0	0	0
2682	0	0	0	0
2684	0	0	0	0
2685	0	0	0	0
2693	0	0	0	0
2707	0	0	0	0
2708	0	0	0	0
2709	0	0	0	0
2710	0	0	0	0
2711	0	0	0	0
2726	0	0	0	0
2737	0	0	0	0
2741	0	0	0	0
2742	0	0	0	0
2755	0	0	0	0
2756	0	0	0	0
2760	0	0	0	0
2764	9.4	3.482404232	3.482404232	3.482404232
2765	0	0	0	0
2772	5.2	0	0	0
2773	0	0	0	0
2774	0	0	0	0
2776	1.4	0	0	0
2788	0	0	0	0
2797	0	0	0	0
2798	0	0	0	0
2809	0.2	0	0	0
2810	0	0	0	0
2812	0	0	0	0
2821	0	0	0	0
2825	0	0	0	0
2832	0	0	0	0
2836	0	0	0	0
2840	0	0	0	0
2844	0	0	0	0
2849	0	0	0	0
2852	0	0	0	0
2857	0	0	0	0
2867	0	0	0	0
2870	0	0	0	0
2876	0	0	0	0
2879	0	0	0	0
2881	0	0	0	0
2884	0	0	0	0
2885	0	0	0	0
2889	0	0	0	0
2893	0	0	0	0
2894	0	0	0	0
2899	0	0	0	0
2906	0	0	0	0
2913	0	0	0	0
2925	0	0	0	0
2927	0	0	0	0
2928	0	0	0	0
2929	0	0	0	0
2931	0	0	0	0
2942	3.4	5.263710022	5.263710022	5.263710022
2948	0	0	0	0
2959	0	0	0	0
2960	0	0	0	0
2963	0	0	0	0
2970	0	0	0	0
2983	0.8	0	0	0
2984	3.1	0	0	0
2985	0	0	0	0
2988	0	0	0	0
3001	0	0	0	0
3002	0	0	0	0
3004	0	0	0	0
3018	0	0	0	0
3025	0	0	0	0
3034	0	0	0	0
3039	0	0	0	0
3043	0	0	0	0
3060	0	0	0	0
3063	0	0	0	0
3067	0	0	0	0
3072	6.5	4.24048996	4.24048996	4.24048996
3076	0	0	0	0
3081	0	0	0	0
3082	0	0	0	0
3084	0	0	0	0
3089	0	0	0	0
3092	13.2	6.407853603	6.407853603	6.407853603
3093	0	0	0	0
3096	0	0	0	0
3097	0	0	0	0
3099	0	0	0	0
3110	0	0	0	0
3115	1.1	0	0	0
3117	0.1	0.849269807	0.849269807	0.849269807
3118	0	0	0	0
3120	0	0	0	0
3126	0	0	0	0
3132	0	0	0	0
3133	0	0	0	0
3137	0	0	0	0
3143	0.8	3.334146976	3.334146976	3.334146976
3145	0	0	0	0
3154	21	26.75223351	26.75223351	26.75223351
3159	0	0	0	0
3161	0	0	0	0
3162	0	0	0	0
3164	0	0	0	0
3166	0	0	0	0
3181	2.4	0	0	0
3190	0	0	0	0
3193	0	0	0	0
3194	0	0	0	0
3201	0	0	0	0
3204	0	0	0	0
3206	0	0	0	0
3211	0	0	0	0
3212	0	0	0	0
3217	3.7	0	0	0
3221	0	0	0	0
3225	0	0	0	0
3228	10.9	12.88122654	12.88122654	12.88122654
3233	0	0	0	0
3235	0	0	0	0
3240	0	0	0	0
3248	0	0	0	0
3249	0	0	0	0
3257	0	0	0	0
3261	0	0	0	0
3265	0	0	0	0
3272	1.7	0	0	0
3278	0	0	0	0
3285	0	0	0	0
3298	0	0	0	0
3308	0	0	0	0
3311	0	0	0	0
3321	0	0	0	0
3324	0	0	0	0
3338	0	0	0	0
3349	0	0	0	0
3350	0	0	0	0
3360	0	0	0	0
3364	0	0	0	0
3367	0	0	0	0
3378	0	0	0	0
3379	0	0	0	0
3388	0	0	0	0
